  -2.3063596e+00  -1.6005953e-01
  -1.6762010e+00  -2.6815952e+00
  -1.2376806e-01  -1.0650557e+00
   7.4658109e+00   1.9460515e-01
   6.5388741e+00   2.3615872e+00
  -2.3907569e+00   2.6614475e-01
   5.2608299e+00  -1.3484933e+00
   6.4179146e-01  -4.1824833e+00
   1.8290725e-01   1.0838981e+00
   2.4294858e+00   3.8535609e+00
  -1.0091512e-01   1.6573233e+00
  -1.0573057e+00  -7.0713741e-01
   2.1703782e+00  -1.8577653e+00
   3.1270860e+00   7.9903207e-01
   3.8343848e+00   2.2442495e+00
   1.6520113e+00   7.1442687e-01
  -3.2239908e+00  -2.4485025e+00
   6.2546031e-01  -1.9702862e+00
   3.5694876e+00   4.4325895e-01
   1.9777875e+00   1.5193466e+00
   2.3784030e+00   1.4548707e+00
   6.4475327e-01   9.2031535e-01
  -1.4158988e+00  -2.9413682e+00
   8.9675993e-01   7.4637425e-01
  -5.7456561e-01   5.5762085e-01
   2.0858083e+00   1.9205422e+00
  -3.1031572e+00  -2.0812249e-01
  -2.9467579e+00  -3.2805770e+00
  -1.3099804e+00   2.5617185e+00
  -4.8885683e+00   9.1530155e-01
   3.1857776e+00   8.4485296e-01
  -1.5863592e-01  -5.1910479e-01
  -2.3188736e+00  -1.4708452e+00
   3.0496141e+00   2.9136998e+00
  -2.4230328e+00   4.7525579e+00
   1.0453210e-01   7.5635171e-01
  -1.2919111e+00  -3.5251002e+00
  -1.7060352e-01  -1.9830270e+00
   9.3473419e-01  -2.3007602e-01
  -7.2975983e-01   1.2352466e+00
   2.4891440e-01  -5.0966083e-01
  -1.1387750e+00  -1.5398451e+00
   4.4639758e-01   4.8859567e-01
   2.4955483e+00  -9.7813404e-02
   3.2185466e+00   1.7194843e+00
  -1.4182886e+00   1.7845090e+00
  -6.5429881e-01  -4.0521257e-01
  -3.2372511e+00  -1.1324930e+00
  -1.9179845e+00   1.6440505e+00
   9.8630134e-01   2.8707260e+00
   3.3742776e+00   2.3627611e-01
  -2.3483488e+00  -1.1891410e+00
  -6.6259369e-02  -1.9171645e+00
  -1.4215181e-01  -2.8183453e-01
   3.2347123e+00   2.6347455e+00
  -1.8691116e+00   6.8548758e-01
  -7.4390207e-01  -1.8051545e+00
   2.9603705e-01  -1.3263065e+00
   2.5102374e+00   1.6057287e+00
   4.0884238e+00   2.3929346e+00
   4.8087926e-01   8.1258536e-01
  -3.7921976e+00  -1.3382490e+00
  -2.2936207e+00  -1.5668137e+00
  -1.8141465e+00  -1.5643226e-01
   5.7009144e+00   2.7867817e+00
  -9.2218677e-01   2.0269409e+00
   6.8713657e-01  -2.1521326e+00
  -1.1938540e+00   3.0972444e-01
   2.0862378e+00   4.4178644e-01
  -5.2969847e-01   1.7562496e+00
  -2.4955209e+00  -2.7956667e-01
  -3.6537688e+00  -2.4103709e+00
   1.6737083e-01  -2.5710087e+00
  -4.5733319e-02   9.7193944e-01
   6.0789302e-01   3.5970263e+00
   3.1476373e+00   1.1455042e+00
  -2.2584825e-01  -7.6383169e-01
  -4.1339489e-01  -2.7618747e-01
   3.4844152e+00  -1.8814995e+00
  -6.0893191e-01   1.8324407e+00
   1.7022658e+00   9.7104930e-01
   8.6115934e-01  -9.0078026e-01
  -1.2964473e+00  -2.9228856e+00
   7.4035717e-01  -3.8783496e-01
  -1.3316879e+00   2.7906835e+00
  -1.9868886e+00   5.0146266e-01
  -5.9926756e-01  -1.0649441e+00
   6.3549107e-01  -2.5786788e+00
   5.4799995e+00  -1.0157684e+00
  -3.3378134e-01   2.7612003e+00
   6.8367904e-01   1.8113411e+00
  -9.7400585e-01   1.4023227e-02
  -4.6750628e+00  -3.1502236e+00
  -5.6891531e-01  -7.1881842e-01
  -2.5893577e+00   5.2615350e-01
   1.9897681e+00   5.7637091e-01
  -2.5850812e+00  -2.2335413e+00
  -6.0883133e-01  -3.0387918e-01
  -7.8004087e-01  -8.3703259e-01
   1.6070416e+00   2.5765078e-01
  -8.9163613e-01   8.2333867e-01
   1.7091365e-01  -4.2510359e-01
   6.6970925e-01  -2.4208571e+00
   3.7327926e+00  -6.4760243e-01
   6.1175293e-01   1.8506686e+00
  -3.9676935e+00  -1.0184127e+00
  -2.4881945e+00  -1.6006896e+00
   1.9001717e+00  -7.8964672e-01
  -1.8352936e+00   8.3577234e-01
   2.9219077e+00   9.0755099e-02
   5.5711659e-01   8.1212167e-02
   2.0643763e+00  -1.9200663e+00
  -4.7308170e+00   1.9554814e-01
  -8.6379458e-02   1.5328857e+00
  -1.4156910e+00   1.9429193e+00
   6.1250331e+00   1.9273961e+00
   8.4142079e-01  -2.6627698e+00
   1.9489270e+00  -1.9663008e+00
  -1.8073435e+00   2.0305951e+00
   6.2768838e-02   3.5023829e+00
  -2.3592182e-01   1.3484100e+00
   1.3878322e+00  -1.1272817e+00
  -1.3647609e+00  -2.2041601e+00
   1.7120999e+00   1.3629336e+00
  -3.1036326e+00   1.1718450e+00
  -3.9868300e-01   1.1925547e+00
  -2.4561900e+00  -1.3361926e+00
  -3.9631310e+00  -4.7872772e-01
   1.3249663e+00   1.9216614e-01
   1.5639681e+00   2.6361399e+00
   3.7597676e-01   1.4112121e+00
  -3.4763729e+00  -2.5164111e+00
   1.4459676e+00  -1.4617891e+00
   1.0093758e+00   2.2152879e+00
   4.0186794e-01   2.1124397e+00
   3.5479658e-01   3.0940905e-01
  -1.3330079e+00  -1.1613744e+00
  -4.3094417e+00  -1.8931348e+00
  -2.6228495e-01   1.0611776e+00
  -6.6273302e-01   1.8652349e+00
  -1.6493956e+00   5.9970576e-01
  -3.1218203e+00  -1.1572446e+00
  -1.8761312e+00  -2.5571852e-01
  -3.6962545e+00   1.0699086e+00
   2.9284588e+00   3.6483837e+00
   1.3491372e+00  -1.4103280e+00
  -8.4907270e-01  -2.0672908e+00
  -8.7855917e-01  -1.3820408e+00
  -1.2873102e+00  -2.1713898e-01
   3.0373706e+00   7.2404484e-01
   4.2582035e-02   1.2350691e+00
  -2.2380773e+00  -1.0053325e+00
   1.8937545e+00  -1.3286528e+00
  -1.4052512e-01   1.0133501e+00
  -1.7805806e-01   1.1294372e+00
  -2.7849020e-01   1.2034561e-01
  -2.5048695e+00  -1.7247058e+00
  -3.0492736e+00  -2.3058631e+00
   5.3610164e+00   9.4991487e-01
   4.3109952e+00   4.3652247e+00
   9.2408731e-01   1.3580327e-01
  -3.3232537e+00  -9.7058578e-01
  -2.5399531e+00  -2.6524587e+00
  -4.4051234e-02   1.9575886e+00
   2.5828321e+00   1.0308596e+00
  -2.3549918e+00   8.2674959e-01
  -5.4687513e+00  -2.2366273e+00
  -3.7072116e+00  -1.1060183e+00
   9.7603866e-01   6.2938816e-01
   1.7827072e+00   1.9560114e+00
   1.2123758e+00   3.5671265e+00
  -1.0695863e+00  -2.2480802e+00
  -4.4163880e-01  -1.6649134e+00
  -6.4328904e-01   3.3010595e+00
   2.7240432e+00   8.5330931e-01
  -2.4143719e+00   1.1710327e+00
   1.0104212e-01  -2.6944924e+00
  -2.5064358e+00  -5.8739440e-01
  -3.6075688e-01   9.4556380e-01
   2.1055667e+00   2.6521248e+00
   2.3871983e+00   3.3917287e-01
  -3.0442944e+00  -1.3728424e+00
   1.7123004e+00  -1.4552051e-01
   1.6293033e+00  -1.6570676e+00
   8.6426889e-01   3.6670928e-01
  -8.1425401e-02   1.0335029e+00
  -1.2442297e+00  -2.2728028e+00
  -1.4152322e+00  -1.9143823e+00
   3.5510824e-01  -8.7888489e-01
   1.1025807e+00   1.0951656e+00
   1.9611426e+00   2.1385244e-01
   2.2449364e+00  -2.3438322e+00
   1.2481188e-01  -2.4845190e+00
  -1.1040968e-01   1.9618721e-01
   2.2503807e+00   1.0573337e+00
   6.7547152e-01   1.9599177e+00
  -2.8685521e+00  -2.6064687e+00
   1.0894267e+00   1.9990870e-01
   9.2314083e-01   2.4359738e-01
   1.2703499e+00   5.4825928e-01
   1.3395097e+00  -6.4781882e-04
  -2.8620435e-01  -6.8353303e-01
  -2.6919885e+00  -5.6210473e-01
  -1.5658351e-02   7.7826127e-01
   7.0789073e-01   2.2874003e+00
  -7.5500576e-01   1.2509396e+00
   2.5551902e+00  -3.0770759e+00
  -2.5604757e+00  -2.1997437e+00
  -6.5861311e-01  -1.2121153e+00
  -4.2400910e-01   1.5508969e+00
  -2.0394077e+00   1.5673087e+00
  -1.1934960e+00  -9.0059258e-01
  -1.3571575e+00   6.6979462e-01
   3.3691620e+00   7.8476165e-01
   5.0195051e-01  -1.5649075e-01
  -1.8194098e+00   2.3074333e+00
   2.3978976e+00  -3.3575324e-01
   1.6603413e+00  -2.2006650e+00
  -1.5023591e-01   8.4064847e-01
  -2.0123194e+00   2.7794515e+00
  -5.8023864e-01   1.0027411e+00
  -1.1208991e+00  -9.2166707e-01
  -2.5688049e-01  -1.7307495e+00
  -2.1331030e-01   5.7921029e-01
   1.8868438e+00   2.0880886e+00
   1.0928054e+00  -1.7162198e-01
  -3.3103748e+00  -1.9507337e-01
  -2.7049388e+00  -1.6117023e+00
  -1.1731952e+00   1.3045148e+00
  -1.5635101e-02   1.1450664e+00
  -3.3213402e-01  -4.5720133e-01
  -7.8407891e-01  -1.7090012e+00
  -6.8673717e+00  -1.8708058e+00
  -6.0501229e-01   1.8128578e+00
   3.4848968e+00   2.6060637e+00
  -1.8243858e+00   1.1585484e+00
   1.0584393e+00  -3.0629734e+00
  -1.0837499e-01  -2.5857278e+00
   2.5100547e-01   8.2008533e-01
   1.3649043e+00   1.6521220e+00
  -2.8210950e+00   1.9081220e+00
  -9.7809595e-01  -2.7688017e-01
   2.3988757e+00  -2.1988317e+00
   5.0571254e-01   1.4931696e+00
   1.0827472e+00   3.3954499e+00
  -1.1593212e+00   9.3901921e-01
  -8.7064445e-01   5.3484697e-03
  -3.4432297e-01  -5.5560068e-01
   1.1617921e+00   8.3213923e-01
   2.5438252e-01   2.8768032e+00
  -1.6389217e-01   8.1244100e-01
   3.2383648e+00  -2.0329261e+00
  -5.3257249e+00  -1.2595753e+00
   4.7679084e+00   6.5425666e-01
   1.6751274e+00   1.6353688e+00
   2.3091386e+00   2.3890536e+00
  -4.1373459e+00  -1.3967609e+00
  -1.9890861e+00   1.1123436e+00
  -2.4711133e-01   3.2186861e-01
   1.8454314e+00   2.5642956e+00
  -3.0313844e+00   2.2006547e+00
   1.3425166e-01   1.1111961e+00
  -3.2347114e+00  -1.3144697e+00
   4.4139709e-01  -1.7222449e-01
   2.3047118e+00   2.8033802e+00
   9.6313693e-01  -7.0186871e-01
   1.3562500e+00  -1.8918797e+00
   1.2031372e+00  -1.3461671e+00
  -9.9279848e-01   2.1075875e+00
   1.5141123e+00   3.4371415e+00
  -1.5797386e+00   5.9047259e-01
  -3.4525940e+00  -6.9410267e-01
   1.0406349e+00  -1.9393144e+00
   3.0911669e-01   1.2791589e+00
   8.9016217e-01   3.9152939e+00
   2.1312715e+00   7.7479360e-01
   3.8015040e-01  -1.9185704e+00
  -1.0861465e-01  -2.1180688e+00
   2.8095195e+00   1.3345054e+00
   2.8595789e+00   3.3372887e+00
   7.8854351e-01   2.7437139e+00
  -2.1897392e+00  -1.5639882e+00
  -2.1121243e+00  -1.4549981e+00
   2.6932207e+00  -1.4672752e-02
  -2.2236608e+00   3.6119915e+00
   2.6009312e-01   5.4258526e-01
  -4.7067113e+00  -2.0912711e+00
   1.2319790e+00   5.6620680e-01
   2.0324496e+00   1.4279151e+00
   1.0023242e+00   2.7163428e+00
   1.6734257e-01  -3.8753715e-01
  -5.7815848e+00  -1.1840474e+00
   3.5332765e-01  -1.0978904e+00
  -4.0758528e+00  -4.7421053e-01
  -3.6385606e+00   1.7742055e+00
   4.6888441e-01   2.1311221e-01
  -2.7059790e+00  -1.0901748e+00
   1.3964248e-02  -2.6249969e+00
   1.6629726e+00   1.7070608e+00
   2.7154651e+00   3.7848747e+00
  -1.0733013e+00   3.1427947e-01
   8.9738252e-02  -1.6267306e+00
  -6.0775029e-01  -1.1113990e+00
   1.9611570e+00   1.8212860e+00
   2.0723142e+00   2.5220177e+00
   2.1047938e+00   1.0150801e+00
  -1.0728927e+00  -2.1008448e+00
  -1.1034199e+00  -1.8495312e+00
   2.3245638e+00   1.2314192e+00
  -3.2473109e+00   3.6828505e+00
  -7.0015582e-01   1.1864276e+00
  -3.3502059e+00  -2.8240632e+00
  -1.5741866e+00  -1.1849736e+00
   1.6063755e+00   5.2591324e-01
   2.6514543e+00   1.7559451e+00
  -1.7208703e+00   3.9884533e-01
  -1.7511568e+00  -2.4978007e+00
  -5.3496725e-01  -1.9388383e+00
  -2.7470976e-01  -1.6638131e-01
   1.6036371e+00   1.6350375e+00
   1.1088789e+00   7.3530456e-01
  -2.6689401e+00  -1.4436943e+00
  -1.1626775e+00  -1.8336904e+00
  -3.9551722e+00   4.6542251e-01
   3.2907234e+00   2.0336882e+00
  -9.4916453e-01   1.0763162e+00
  -3.2167169e+00  -3.3640277e-01
  -1.3169064e+00  -9.9794394e-01
  -2.5482767e+00   3.3136013e-01
   9.5828476e-01   2.5980157e+00
  -8.1231300e-01   3.7250131e-01
   3.5465404e+00  -3.3987712e+00
   1.4679138e+00  -3.9652732e+00
  -4.6847560e+00  -1.0955613e+00
   1.8826539e+00   1.7628727e+00
  -2.4872588e+00  -1.5918261e-03
  -1.3191274e+00  -2.3381944e+00
  -4.8020885e-01  -1.5773768e+00
   1.8044851e+00  -4.0947440e-02
   4.5390610e-01   1.3694850e+00
   3.4616173e+00   1.2276591e+00
  -1.7708913e+00  -8.3569902e-01
  -1.5399275e-01   8.1855037e-01
   1.6384852e+00   9.2044141e-01
   1.1703772e+00   2.0583199e+00
   2.0709226e+00   4.3900026e-02
  -1.6259072e-01  -1.8132464e+00
  -2.3773094e+00  -1.6685653e+00
  -3.3017297e+00  -1.1377411e+00
   4.7171859e+00   1.7426424e+00
  -9.0004318e-01   1.3675759e+00
  -6.0229755e-01  -2.1887983e+00
   3.1731692e-01  -1.1238006e+00
   5.3621099e-01   1.6094744e+00
  -8.0945243e-01   3.0771401e+00
  -6.2641217e-01   1.3948758e+00
  -1.0587969e+00  -3.8778743e+00
   2.1489000e+00  -2.1824107e+00
  -1.4126144e+00   1.5195254e+00
   2.5693369e+00   2.3946755e+00
   9.2626327e-01   6.2288841e-01
  -1.2767371e+00  -1.1811154e+00
  -2.9229625e+00  -4.8796127e-01
  -2.5926491e-01   7.7180473e-01
   8.2661944e-01   1.2413728e+00
  -2.6297732e+00   4.3787089e-01
  -4.2465250e-01  -1.8258236e+00
  -2.4536035e+00  -7.2128870e-01
   1.2053582e-01   1.0303417e+00
   1.6724267e+00   2.5475197e+00
  -1.5002911e+00   7.6586903e-01
  -1.3855297e+00  -1.9803011e+00
  -1.0889148e-01  -1.5568927e+00
  -3.3627013e+00   8.3473954e-01
   3.0719518e+00   6.0187759e-01
   5.1579393e+00   7.9690436e-01
   1.1097840e+00  -6.9044977e-01
  -1.4405610e+00  -1.7282119e+00
   1.1662624e+00   2.1904319e+00
  -1.0719696e+00   2.5604906e+00
   4.0647479e+00   1.9768938e-01
   1.0723918e+00  -1.7719794e+00
   7.6567457e-01  -1.8932326e+00
  -1.4427315e+00   8.5915444e-01
   1.6398983e+00   2.7546864e+00
  -8.0757158e-01   3.2612409e-01
  -1.4318758e+00  -1.1595886e+00
  -1.9490368e+00   1.3725464e-01
  -1.7424502e+00   1.5495246e+00
  -8.1749117e-01   2.8252644e+00
  -1.1077767e-01  -1.9677315e-01
  -4.2067452e+00  -2.1522382e+00
   4.0618416e-01  -1.3754823e+00
   7.3420416e-02   5.1738604e-01
   2.3983207e+00   3.7495155e-01
   8.4831428e-01  -8.9638916e-01
   1.7955712e-01  -5.9184460e-01
  -3.7752590e+00  -2.3761615e+00
  -1.7315118e+00   2.6963788e+00
   1.0600998e-01  -2.2198661e-01
   5.2833418e-01   1.0667976e+00
   1.4484559e+00  -1.6174079e+00
  -1.3889431e+00  -2.3742733e+00
   2.8321184e+00   1.0223588e+00
   1.9508496e+00   1.2061471e+00
   2.6572505e+00   1.4778172e+00
  -5.5512286e-01  -1.5511648e+00
  -2.1226489e+00  -3.2574214e+00
  -2.6537811e+00  -1.8067159e+00
   1.3109780e+00   1.7161701e+00
   1.9461197e+00   1.7638403e+00
  -1.3941933e+00  -1.4368647e+00
  -1.8905898e+00  -1.5637838e+00
  -3.0826664e-01   1.3057876e+00
  -1.1931866e+00   6.0659270e-01
  -6.7700264e-01   2.0433997e+00
  -1.1704957e+00  -2.5118851e+00
  -7.1733478e-01  -1.5802693e+00
   1.8145075e-01   2.5446470e-01
   2.2226704e+00   2.1495565e+00
   5.2765238e-01  -1.3264841e+00
   2.8190139e+00  -9.4139094e-02
  -1.8496934e-01  -1.0722238e+00
   3.9180045e+00   2.6279615e+00
  -4.4624296e-01   3.4166707e+00
   1.3621111e+00   6.2951465e-01
  -1.3295187e+00  -2.5570833e+00
   3.9126802e-01  -3.3569424e+00
   1.4968786e+00   6.3500496e-01
  -3.3720432e+00   2.2191591e+00
  -2.3450693e+00   1.6638546e+00
  -3.6910442e+00  -2.5690166e+00
  -5.3280003e-03  -8.2323657e-01
   3.2494196e+00   6.8946380e-01
   3.4637154e-01   1.2263131e+00
   1.9336630e+00   1.3921958e+00
   2.8206321e-01  -1.3523793e+00
  -2.9122816e+00  -1.8531395e+00
   1.1039510e+00   2.4953262e+00
  -5.0378948e-01   2.6092394e+00
   3.3415508e+00   5.0776011e-01
  -8.7415001e-01  -1.3405765e+00
   2.4629823e+00  -1.5309881e+00
  -5.4109999e-01   7.9162704e-01
   2.1788667e+00   2.4535912e+00
   1.8343454e-01   1.4515958e-02
  -4.8529349e+00  -2.4150579e+00
  -2.7732800e+00  -1.2573851e+00
   1.5340396e+00   2.5031257e+00
   8.9022774e-01   1.6931782e+00
  -1.9284470e+00  -3.9468997e-01
  -2.0617741e+00  -1.8565795e+00
  -3.0998151e-01  -2.1020488e+00
  -1.6770210e+00   2.9068947e-01
   2.9499004e+00   2.4755180e+00
  -9.7240202e-01   4.8802910e-01
   2.8087082e+00  -2.2123873e+00
  -2.9687495e+00  -2.0618009e+00
   7.0739588e-01  -7.0449566e-01
  -2.0420531e+00   1.1404788e+00
  -1.1382453e+00  -7.9496718e-01
  -1.9955176e+00  -2.1340199e+00
  -6.3443147e-03  -2.7031321e+00
   2.1932836e+00  -8.9124602e-02
   1.6009719e+00   1.6983455e+00
  -4.3712432e-01  -5.8240652e-01
   8.2196002e-01  -1.6373963e+00
   7.8875699e-01  -1.2776634e+00
   5.4942756e-01  -3.4519699e-01
   2.1424953e+00   3.1139226e+00
   1.1346090e+00  -9.6807144e-01
  -2.7829408e+00  -2.0098286e+00
   7.1011966e-01  -3.1027202e+00
  -1.0053856e+00   2.7340682e-01
  -2.0783696e-01   6.7608409e-01
   6.6291064e-01   4.3199038e-02
  -1.4240239e+00  -2.3587407e+00
  -1.0726577e+00  -2.8030359e+00
   1.4997323e+00  -1.4468260e+00
   3.0936656e+00   2.5650598e+00
  -8.6900271e-02   2.6181764e+00
  -1.5366067e-01   6.0529373e-01
  -1.2856200e+00  -2.1102116e+00
   7.6821078e-01   5.7203105e-01
   1.8799958e+00   1.5342530e+00
  -9.2471486e-01   6.9398142e-01
  -2.5934342e-01  -2.5368036e+00
   3.9318707e-01  -3.5375005e+00
   4.9363290e-01   5.8159085e-01
   4.4596828e+00   7.7487428e-01
  -9.0809790e-01  -1.2844003e+00
  -2.2831365e+00   7.5621456e-01
  -4.3087756e+00  -1.8513797e+00
   2.1299822e+00   1.0219147e+00
   2.7341651e+00   3.1924686e+00
   1.4923132e-01  -1.0667249e+00
   9.8793498e-01  -1.2048855e+00
  -4.4161015e-01  -1.1162888e+00
   8.9059726e-01   7.0109833e-01
   1.2258894e+00   2.1577981e+00
   1.1889214e+00   9.0091474e-02
  -6.0569211e-01  -8.9497329e-01
   4.7656535e+00  -2.4679756e+00
  -2.0243131e+00  -1.7835006e-01
  -2.7085982e+00   2.7253376e+00
  -1.9723453e+00   2.3045785e+00
  -2.9957039e+00  -2.0044282e+00
  -1.6762356e+00  -2.1231124e+00
  -2.7922762e-02   1.0261079e+00
   5.6293288e-01   3.0723561e+00
   1.3916859e+00   1.5860169e+00
  -3.0484587e-02  -1.3478885e+00
   6.9344098e-01  -2.2524405e+00
   3.8655288e+00   1.2477972e+00
   3.4461251e+00   1.9207662e+00
  -2.2574952e+00   1.9949832e+00
  -5.4669260e+00  -3.0262465e+00
   9.9484594e-01  -1.4768023e+00
  -3.3622604e+00   1.9077534e+00
   1.1335138e+00   1.5050637e+00
   3.7997597e-01  -6.7909636e-03
   3.6453192e+00  -2.5516683e+00
  -9.4744550e-01  -1.8967589e+00
  -7.0562913e-01   4.1750903e-01
   1.4716193e+00   2.1367412e+00
   8.0062670e-01  -2.6531487e-01
  -6.6892658e-01  -1.5354961e+00
  -2.0261780e+00  -2.2219089e+00
  -2.1361698e+00   2.4930572e-01
   1.6330007e+00   1.1618296e+00
  -2.3767215e+00   3.3555895e-01
  -2.8733857e+00   1.9518338e+00
   1.8534148e+00   1.7894984e+00
  -5.2878940e-01   1.7649518e+00
   7.1935656e-01   2.7872575e+00
   2.1086617e+00  -6.6010338e-01
  -1.4092390e+00  -2.2026271e+00
   1.2497144e+00  -2.2374397e+00
  -3.8111495e-01   1.1533350e+00
   3.0256037e+00   2.4829871e+00
   1.5676862e+00   7.2650907e-01
  -1.2350472e+00  -1.9583187e+00
  -2.5404116e+00  -2.5438824e+00
  -1.7771996e+00   6.2335568e-01
   4.5986237e-01   3.1391495e+00
  -5.6726572e-01   1.0453952e+00
  -1.6263656e+00  -1.4370018e+00
   1.1580735e+00  -9.6055425e-01
  -2.8637729e-01   1.2022796e+00
   3.2873578e+00   3.8354870e-01
  -7.5422324e-01   6.3680834e-01
   1.1361145e+00  -2.0439947e+00
  -1.8535180e+00  -3.6520613e+00
   6.6217258e-01  -7.1051856e-01
   2.9414756e+00   1.6801144e+00
  -5.1892756e-01   1.4434645e+00
  -1.6855580e+00  -1.8473268e+00
   3.1977642e+00  -1.3557832e+00
   2.2110040e+00  -2.7994556e-01
   1.3599231e-01  -1.5730271e-01
   1.6068985e+00   7.1195075e-01
  -1.5291696e+00  -2.5692155e+00
   6.0275304e-01  -4.4544406e-01
   3.1407151e+00   2.3531299e+00
  -2.2090313e+00   1.6283040e+00
   2.3667231e+00   1.8108981e+00
   2.1069186e+00  -6.6438596e-01
  -7.1407435e-01  -3.0330785e+00
   3.8015304e+00   5.8467767e-01
   1.3107750e+00   2.2611178e+00
  -2.1652224e+00   1.1410285e+00
  -5.1960056e+00  -9.4124715e-01
  -1.4758311e+00  -9.4363833e-01
   1.7361036e+00   1.2964329e+00
   1.6348155e+00   1.6874203e+00
   1.1362378e+00   9.9727775e-01
  -1.9631882e+00  -3.8709322e+00
  -5.2101339e-01  -2.7863847e+00
  -2.9683145e+00   1.8199996e+00
  -5.2018000e-01   1.3392614e+00
  -1.3285692e+00   9.4559303e-01
   2.3044078e-01  -1.0990691e-01
  -8.3733711e-01  -2.5069429e+00
  -2.0020417e+00  -3.4125064e-01
   9.8095017e-01   1.5072807e+00
  -1.0706041e+00   1.0590906e+00
  -2.1424153e+00  -1.8227982e+00
   9.1928185e-01  -2.5958409e+00
   5.3585587e-01  -9.5491260e-01
   1.7967257e+00   1.6297384e+00
   2.0769568e+00   3.9688852e-01
  -4.4850161e-01  -2.1532468e+00
   2.9269205e-01  -1.8800062e+00
   1.6749455e+00  -4.7738093e-01
   3.3412173e+00   2.5492335e+00
   1.2607382e+00  -1.5565866e+00
   2.0154484e+00  -1.4734193e+00
  -7.6380003e-01  -9.4900055e-01
   2.1327817e-01  -2.3079517e-01
   4.4026693e+00   1.9429099e+00
  -7.1040643e-01   9.0982025e-01
  -8.1472691e-01  -2.2326525e+00
   1.0307172e+00  -1.6316772e+00
   6.0863446e-01   1.0301475e+00
   3.8098669e+00   1.0628504e+00
   2.3772601e+00   1.4531910e+00
  -2.2587642e-01  -5.2349553e-01
  -2.3644141e+00  -1.2968533e+00
   1.4424092e+00   6.3314683e-01
  -1.7652423e+00   8.3550746e-01
   7.9796635e-01   1.1128747e+00
   8.0786061e-01  -2.8338830e+00
  -3.8293360e-01  -2.7246012e-02
   2.0683713e+00   1.1445090e+00
   5.0777525e+00   2.2648186e+00
   2.1568819e+00   2.2443610e-01
  -2.7518210e-01  -3.7943440e+00
   4.7430602e-01  -2.8136884e+00
   1.1599877e+00   9.8336238e-01
  -1.6294470e+00   4.4124431e+00
  -5.2380545e-01   1.3582812e+00
   1.6403587e+00  -1.3082876e+00
  -8.9618541e-01  -2.1600212e+00
   1.4738635e+00   7.4031717e-01
  -1.0130001e+00   2.9622793e+00
   4.3805048e-01   3.6405915e-01
   3.9156690e-01   2.7372200e-01
  -3.5320469e+00  -2.8382881e+00
   1.0042023e+00   2.4179684e-01
   6.3631356e-01   2.0524291e+00
  -1.5700525e+00  -1.3358997e+00
  -8.8408337e-01  -1.0526134e+00
  -4.6016260e+00  -1.5402395e+00
  -3.9469365e+00   6.9873518e-01
  -1.3538467e+00   2.7947078e+00
  -1.6720474e+00   1.6617229e+00
  -3.1550816e+00  -8.1584934e-01
  -4.2598726e+00  -2.0868584e+00
   8.8547317e-01   5.7144161e-01
  -2.1883674e+00   2.3534530e+00
   5.2945469e-01  -6.3876657e-01
   7.6511636e-01  -2.6540654e+00
  -8.1347057e-01  -2.0449967e+00
   4.9523451e-01   6.9570267e-01
   2.4368589e-01   3.7909303e+00
  -2.6563352e+00   1.4152971e+00
  -8.9665417e-01  -2.0605347e+00
   1.1126334e+00  -2.2471251e+00
   3.7855069e+00   2.1518303e+00
   1.3958752e-01   4.7335404e+00
  -2.9456285e+00   7.8547307e-01
  -4.7632201e-01  -2.0968992e+00
  -5.6485173e-02  -3.0306879e+00
  -1.4488394e-01   1.5930220e+00
  -1.2978246e+00   2.2897190e+00
   4.3576822e+00   1.7834422e+00
  -5.5280640e+00  -2.5267396e+00
  -1.8289611e+00  -1.3774590e+00
  -2.3342342e+00  -3.6012346e-02
  -2.7225650e-01   3.2749545e+00
   9.4471983e-01   6.6843378e-02
  -5.3292105e-01  -1.7054429e+00
  -2.2304871e+00  -1.9658543e+00
   1.8630240e+00   1.6119965e+00
   2.2447878e+00   2.4284362e+00
   1.6037788e+00  -3.8615129e-01
  -1.6602804e+00  -2.2507219e+00
   1.2881445e+00  -2.6637440e+00
   1.6304312e+00   1.1237410e+00
   6.0175449e+00   2.3319537e+00
   2.4359363e+00  -1.0173785e+00
   1.5048263e+00  -3.5248742e+00
  -7.0305934e-01  -1.6584327e+00
  -2.2677550e+00   1.3152273e+00
   2.5755751e-01   2.1688026e+00
  -1.2065668e+00  -9.2576234e-01
  -1.9369548e+00  -3.1698364e+00
   3.0126013e-01  -7.5095619e-01
  -8.0453913e-01   4.7266100e-01
  -7.9022627e-01   1.6137583e+00
  -5.0963845e-01   1.9342381e+00
  -1.1307905e+00  -2.4144982e+00
   9.6518665e-03  -1.4825926e+00
  -1.5962550e+00   1.0358404e+00
   1.6346349e+00   2.8198796e+00
   4.6505716e-01  -2.3631939e-01
   1.8397539e+00  -1.2607154e+00
  -1.2353580e+00   1.1304326e+00
   4.0059705e-02  -8.9494300e-01
  -1.3427116e+00   2.4339790e+00
  -2.4615084e+00   3.8826626e-01
  -1.8800036e-01  -2.4451204e+00
  -1.3079951e+00  -2.4500166e+00
   1.3165051e+00   1.1159335e+00
  -7.8532281e-01   4.3156261e+00
   4.1260417e+00  -1.7579171e-01
  -5.6455559e-01  -1.0770744e+00
   1.2850495e+00  -2.1770953e+00
  -1.4482340e-01   2.5946000e+00
   6.7499612e-01   2.5446604e+00
   1.6891208e+00   4.8012843e-01
   3.0249655e-01  -9.9815835e-01
  -3.0495270e+00  -1.6236168e+00
  -2.7563690e+00   1.7252332e+00
  -1.1957355e+00   1.8144099e+00
  -2.5225296e+00  -5.0338382e-01
  -6.8987582e-01  -1.3715845e+00
  -1.6315188e+00  -5.6996759e-02
  -4.2700447e-01  -5.7858773e-01
  -1.7219263e+00   1.7576547e+00
   1.8681519e+00   1.6228622e+00
   6.9805229e-02  -3.5381598e+00
  -9.8826196e-01  -9.9258821e-01
   2.3513772e+00   1.3709944e+00
  -7.4795893e-01   2.2134837e+00
   1.1384176e+00  -1.5220008e-01
  -1.1213459e-01  -1.6251686e+00
  -1.1050816e-01  -1.5248475e+00
  -1.1494775e+00   1.5532852e+00
   1.6536805e+00   2.6635179e+00
  -7.2074627e-01   2.6780132e-01
  -2.6019093e+00   1.8434506e-03
  -3.2155534e+00  -1.6688671e+00
   2.3846483e+00  -1.9466308e-01
  -6.9188842e-01   1.5615801e+00
  -3.6810694e-02   1.4766440e+00
  -3.2263211e+00  -1.4228181e+00
  -1.4032706e+00  -7.2917183e-01
  -6.1550586e+00   6.8725581e-01
  -1.1739185e+00   4.4868213e+00
  -2.5438553e+00  -1.0476091e+00
  -2.8379185e+00  -2.0339619e+00
  -1.2355514e+00  -1.7022586e+00
  -3.4167857e-01   7.0728594e-01
   4.8887956e+00   3.4561472e+00
  -8.3452944e-01   8.3748751e-01
  -1.3090816e+00  -1.7329112e+00
  -3.9476479e+00  -1.5494315e+00
  -6.4574833e-01   1.3695288e+00
  -1.6759533e+00   1.3105729e+00
   3.6961504e-01   1.0688476e+00
   8.9715654e-01  -3.1830586e+00
  -5.1006416e-04  -1.6968299e+00
  -1.0922234e+00  -3.2375798e-01
  -2.2610858e+00   1.3471385e+00
   3.2290434e+00   9.0056323e-01
   3.2910685e+00  -2.7431130e+00
  -5.6801579e-01  -2.6070081e+00
  -1.6707862e+00  -8.9782477e-01
   3.3955429e+00  -2.2851048e-01
  -8.7629544e-01   4.6651231e-01
  -1.7486357e+00  -4.5528962e-01
   9.6373776e-01  -1.7999703e+00
  -2.4614226e+00   3.8408045e-01
  -2.9135079e+00   9.5326593e-01
   1.1503844e+00   2.2013529e+00
  -7.5409981e-03  -1.8674474e+00
  -6.1873268e-01  -3.2401498e-01
   1.3023858e+00   9.8001413e-01
   3.1644812e+00   1.7369475e+00
   2.2499126e+00   1.7001784e+00
  -1.9461561e+00  -6.3559991e-01
   8.1092715e-01  -1.7294780e+00
   6.5551174e-01   1.9139848e+00
  -1.1085137e-02   3.7812950e+00
  -2.0775946e+00   5.5241911e-01
   4.8492488e-01  -1.8737149e+00
  -1.5162622e+00  -1.2133958e+00
   4.0188605e-01   9.6979074e-01
  -5.8589500e-01   2.8075111e+00
  -2.7920120e+00   3.6244350e-01
  -4.6584428e-01  -9.0292071e-01
  -9.3329524e-01  -5.6943668e-01
   2.7070727e+00   7.9558254e-01
   2.6034081e+00   2.1532977e+00
   2.4156262e+00  -6.3629049e-01
  -2.3067705e+00  -2.7908348e+00
  -2.6816700e+00  -3.0794758e+00
  -2.2291566e+00  -6.2625400e-01
   1.9959612e+00   1.8449006e+00
   5.8871792e+00  -9.9687982e-01
   6.4612708e-01   6.2803116e-01
  -2.3551452e+00  -8.7875286e-01
   1.9822845e+00  -1.4496114e+00
  -1.2566606e+00   8.4544942e-01
  -2.5399232e+00   5.1084211e-01
   6.2586764e-01  -3.3309131e+00
  -2.3648280e+00  -2.0779285e+00
   9.4098876e-01   1.7090341e+00
   3.8130703e+00   1.8361197e+00
   1.1112663e+00   5.5079352e-01
   1.0503036e+00  -2.6196264e+00
  -4.0206214e+00  -2.1736954e+00
   1.6320895e+00  -7.3352235e-01
   5.2770045e+00   2.3642113e+00
   1.3912958e+00   1.6582638e-01
  -3.8907714e+00  -8.3466802e-01
  -1.2153026e+00  -3.8079734e-01
  -6.9091345e-01   1.6952322e+00
   1.7660478e+00   1.9651589e+00
   1.1330878e+00   1.1404665e-01
   1.9681067e-03  -2.8420530e+00
  -1.5365785e+00  -1.4995249e+00
  -8.8952709e-01   1.5775075e+00
  -1.7917798e-01   1.6590696e+00
   2.0160987e+00   4.4471566e-01
  -4.5150331e+00  -1.0017335e+00
  -1.2236233e+00  -7.5411462e-01
   8.4977340e-01  -7.9888018e-01
  -3.0554202e-01   2.1999520e+00
   1.2634716e+00   8.1386084e-01
  -9.5165629e-01  -1.7691664e+00
  -2.6856196e+00  -7.2524983e-01
   6.3174406e-01   2.5384380e-01
   4.6363424e-01   1.1738113e+00
  -5.1072830e-01   8.9404529e-01
  -2.2316624e+00  -1.1582367e+00
  -6.8612603e-01  -1.8355407e+00
  -3.3832415e+00   1.4141570e+00
   2.0333376e-01   4.8197743e-01
  -7.7807925e-01  -4.5688304e-01
  -2.6328140e+00  -4.6901997e+00
   4.9638019e-01  -1.0966268e+00
  -1.1595255e+00  -3.7298964e-01
   2.0812662e+00   1.7468743e+00
   2.2606988e+00   1.6272993e+00
  -1.1227578e+00  -1.5670219e+00
  -2.5341835e-01  -2.0584668e+00
   1.5880516e+00  -2.3043542e-01
   8.3804397e-01   1.7596292e+00
   1.3907573e+00   1.2209634e+00
  -3.3341467e+00  -3.1342876e+00
   1.4118307e+00  -1.6863825e+00
  -1.6701084e+00   1.4004269e+00
  -2.6576719e+00   5.7927408e-01
   3.0780140e+00   1.2873991e+00
  -9.3447058e-01  -9.3479735e-01
   8.8825246e-02  -2.5001702e+00
  -4.1749995e-01  -8.8647477e-01
  -1.0411668e+00   2.4331394e+00
  -5.8369601e+00   1.4262897e+00
   4.4354100e-01  -1.0390960e+00
  -1.3823861e+00  -8.5518486e-01
  -8.5668819e-02  -5.6409305e-01
   1.8112107e+00   2.5838477e+00
  -2.5296799e+00   3.8024307e-02
  -2.2679075e+00  -2.1794012e+00
   1.4856387e+00  -3.1739305e+00
   1.5047463e+00   1.7182424e+00
  -1.5625625e+00   2.1750583e+00
  -4.0975115e+00   1.6216453e+00
  -1.9515096e+00  -1.0702581e-01
  -3.8102404e-01  -2.7552730e+00
   2.1937709e+00   1.2610524e+00
   1.1874510e+00   1.9872400e+00
  -1.9356064e+00   1.5322937e+00
  -1.9670136e-01  -5.1033941e-01
  -3.1536867e+00  -7.9756253e-01
  -1.6129161e+00  -1.9957784e-01
  -3.0747003e-01   1.8735148e+00
  -2.1497703e+00   8.8217689e-01
  -1.3509473e+00   1.5404941e+00
  -2.6089171e+00  -3.9141676e-01
  -2.6235528e-01   2.9386693e+00
   7.5156911e-02   2.4144979e+00
  -5.1055344e-01   8.2986556e-01
  -1.8160950e+00  -1.0048671e+00
   1.6575772e+00  -2.1458109e+00
   1.5296274e+00   1.8596352e+00
   1.1181443e+00   1.8423693e+00
  -2.6248765e+00  -7.5556780e-01
  -4.0606235e+00  -7.4719583e-01
  -4.7385218e+00  -3.1865673e+00
   5.5194085e+00  -1.2262189e+00
   2.9447496e+00   2.2884098e+00
   8.2297893e-01  -3.3287714e-01
  -2.7574979e+00  -2.5287661e+00
  -3.1017458e+00  -1.7799832e+00
   1.4042960e+00   1.2913222e-01
   4.1301680e+00   1.7772180e+00
  -3.0776703e+00   8.9010049e-01
  -1.7078117e+00  -2.7865649e+00
  -9.7760114e-01  -2.8422683e+00
  -3.6749774e+00  -1.4814447e+00
   2.6824913e+00   1.6097574e+00
  -5.2030084e-01   1.2823157e+00
   3.0153447e+00  -2.3202980e+00
  -1.5908145e+00  -1.1167065e+00
   1.1273812e+00   1.1583477e+00
  -1.2848563e+00   2.9907510e+00
  -9.4071056e-01   1.6074121e+00
  -3.1464627e+00  -2.3068752e+00
  -2.3866432e-02  -2.4748716e+00
   2.9126960e+00   6.6642401e-01
  -1.8728352e-01   1.3351466e+00
   1.1817678e+00   2.0707759e+00
  -1.8177420e+00  -2.3818824e-01
  -6.0480157e-01  -1.5228976e+00
   2.7015181e+00   1.9090692e-01
   1.2405656e+00   2.5108078e+00
  -1.7646698e+00  -3.8239636e-02
  -2.5232235e+00  -1.7430508e+00
  -1.1487656e+00  -2.1485007e+00
  -7.4319566e-02   7.2362039e-01
  -7.3163042e-01   3.1283504e+00
   6.7034526e-01   1.3605120e+00
   1.7240400e+00  -4.7443083e-01
  -1.3113556e+00  -2.5327482e+00
  -1.0012311e-01   7.9783566e-01
  -3.4030438e+00   1.0166522e+00
  -1.2400092e+00   1.0028626e+00
  -3.5955622e+00  -1.2923364e+00
  -1.5814863e+00  -3.2172362e-01
   1.3601897e+00   1.7172635e+00
   4.0465386e+00   2.6532230e+00
   3.9060059e+00   1.1296060e-01
  -1.0427855e+00  -2.0940278e+00
  -1.4494094e+00  -3.6695954e+00
   1.9440496e+00   1.6972945e-01
   1.9803184e+00   4.4880347e-01
   1.8395193e+00   1.5478598e+00
   7.4754110e-01  -7.1609402e-01
  -3.7696273e+00  -1.4797465e+00
   1.3897449e+00   2.3962623e-01
   8.1692196e-01   2.1430643e+00
  -1.2114878e+00   2.2230727e+00
  -2.1962079e+00  -2.6891793e-01
   1.7538985e+00  -2.0664761e+00
  -1.3104582e+00   7.8644531e-01
  -1.4736367e+00   8.7950330e-01
   7.3838989e-01   1.0187649e+00
   3.2125265e+00  -8.7897134e-01
  -7.5790813e-01  -7.1798928e-01
   9.2561587e-01  -9.1318428e-01
  -8.7649442e-01   2.5046208e+00
   3.6574489e+00  -2.4618066e-01
  -5.5904065e-01  -1.9945889e+00
   2.5118552e-01  -8.3002358e-01
  -1.5951195e+00   9.1623963e-01
   2.7080856e+00   1.8362582e+00
   1.0873085e+00   1.2247665e+00
  -3.1210192e+00   1.6464690e-02
  -7.2953674e-01  -2.2415277e+00
  -5.9218021e-01  -7.3206618e-01
   1.2184959e+00   8.3775902e-01
  -1.9208869e-01  -3.2624521e-01
  -1.1888203e+00  -2.2892449e+00
  -2.8748440e+00  -1.0413528e+00
  -3.3756685e-01  -1.4677361e+00
   2.5330537e+00   2.2359639e+00
   3.7983634e+00  -1.6038736e-01
  -3.1300568e+00  -5.1847204e-01
   3.9458067e+00  -2.4735983e+00
   3.3611729e+00   6.2559161e-01
   1.3370150e+00   1.0624142e+00
  -2.9339606e-01  -6.3525694e-02
  -2.2063255e+00  -1.8781734e+00
   8.5652416e-01  -1.8468294e+00
  -1.0801935e+00   9.3220995e-02
   7.6234014e-02   3.1283185e+00
   2.0762513e+00   1.1681732e+00
   6.2871370e-02   2.3711337e-01
   9.8447773e-01  -1.8953328e+00
   1.3184811e+00   1.6846648e+00
   1.9820573e-01  -9.9238851e-02
  -7.1867903e-01   1.2565178e+00
   7.8371820e-01  -1.2465685e+00
  -2.1513973e+00  -1.9922133e+00
   2.6823351e+00   1.3133823e+00
   2.5814039e+00   2.8776287e+00
   8.8445998e-01   1.6516396e+00
  -8.0256477e-01  -1.1982427e+00
  -7.7782619e-02  -1.0169648e+00
   7.3623726e+00  -5.5984325e-02
   7.7512667e-01   9.0482154e-01
  -2.8041709e+00   3.5041726e-01
   3.0211876e+00  -1.4314836e+00
   4.1067511e-01  -6.6708932e-01
  -9.8680625e-01  -1.7248475e-01
   6.2346698e+00   1.5105220e+00
   1.4109178e+00   3.5925079e+00
  -2.2060963e-01  -2.2406193e+00
  -2.3647046e+00   3.0226900e-01
  -1.8208432e+00   1.5791829e+00
  -2.5368281e+00   1.4421968e+00
  -5.3682208e-01   5.1147884e-01
  -2.9152219e+00  -1.8331952e+00
   4.8649350e-01  -1.1445443e+00
  -3.2623938e-01   1.9836749e+00
   4.5379831e+00   3.6219628e-01
   3.3301818e+00   2.6417629e+00
  -4.8099636e-01  -8.4024470e-01
  -1.3745444e+00  -2.1669359e+00
   2.6133486e+00   4.9202263e-01
  -1.2930153e+00   2.2995804e+00
   1.6564144e+00   9.1420517e-01
  -2.1472430e+00  -4.1725107e-01
  -1.6096624e+00  -5.2786116e-01
  -1.0345879e+00   2.5933076e-01
   2.1512580e+00   1.8700724e+00
